#Encoding: UTF-8
#App name: ECU Connect
#App version: 7.5.1.561
#Vehicle: Nissan 350Z
#VIN: JNKCV54E66M713499
#Ecu name: Nissan 350Z ECM
#Ecu CALID: CM41C
Time (s),Log Mark,Accelerator Pedal Sensor #1 (V),AFR Target,Atmospheric Pressure (psi),Coolant Temperature (°F),Engine Speed (rpm),Fuel Trim Long Term Bank #1 (%),Fuel Trim Long Term Bank #2 (%),Fuel Trim Short Term Bank #1 (%),Fuel Trim Short Term Bank #2 (%),Ignition Timing (°),Injection Pulse Width Bank #1 (ms),Injection Pulse Width Bank #2 (ms),Intake Air Temperature (°F),Mass Airflow Sensor Bank #1 (V),Throttle Position Sensor #1 (V),VTC Exhaust Actual (°),VTC Intake Actual (°),GPS Latitude,GPS Longitude,GPS Altitude
0.000,0,0.755,14.70,15.7,167,812,110,110,101,99,15,2.64,2.59,63,1.26,0.695,-0,0,32.28655288282618,-81.20502905074557,11.744507336057723
0.030,0,0.760,14.70,15.7,167,812,110,110,101,99,15,2.63,2.59,63,1.26,0.695,0,0,32.28655288282618,-81.20502905074557,11.744507336057723
0.075,0,0.760,14.70,15.7,167,825,110,110,101,99,14,2.65,2.59,63,1.26,0.695,0,0,32.28655288282618,-81.20502905074557,11.744507336057723
0.105,0,0.755,14.70,15.7,167,825,110,110,101,99,14,2.63,2.59,63,1.26,0.695,-0,0,32.286552786494404,-81.20502871136209,11.744507336057723
0.135,0,0.755,14.70,15.7,167,825,110,110,101,99,14,2.64,2.59,63,1.26,0.690,-0,0,32.286552786494404,-81.20502871136209,11.744507336057723
0.165,0,0.755,14.70,15.7,167,812,110,110,101,99,14,2.63,2.58,63,1.26,0.695,-0,0,32.286552786494404,-81.20502871136209,11.744507336057723
0.195,0,0.755,14.70,15.7,167,825,110,110,101,99,14,2.66,2.60,63,1.26,0.700,0,0,32.286552786494404,-81.20502871136209,11.744507336057723
0.255,0,0.755,14.70,15.7,167,825,110,110,101,99,14,2.63,2.58,63,1.26,0.695,0,0,32.286552786494404,-81.20502871136209,11.744507336057723
0.285,0,0.755,14.70,15.7,167,825,110,110,101,99,14,2.63,2.58,63,1.26,0.695,-0,0,32.286552786494404,-81.20502871136209,11.744507336057723
0.286,0,0.760,14.70,15.7,167,812,110,110,101,99,15,2.64,2.59,63,1.26,0.695,-0,0,32.286552786494404,-81.20502871136209,11.744507336057723
0.314,0,0.755,14.70,15.7,167,812,110,110,101,99,14,2.63,2.58,63,1.26,0.695,-0,0,32.286552786494404,-81.20502871136209,11.744507336057723
0.345,0,0.755,14.70,15.7,167,812,110,110,101,99,14,2.64,2.59,63,1.26,0.695,-0,0,32.286552786494404,-81.20502871136209,11.744507336057723
0.390,0,0.755,14.70,15.7,167,812,110,110,101,99,15,2.64,2.59,63,1.26,0.695,-0,0,32.286552786494404,-81.20502871136209,11.744507336057723
0.420,0,0.760,14.70,15.7,167,812,110,110,101,99,14,2.64,2.59,63,1.26,0.695,-0,0,32.286552786494404,-81.20502871136209,11.744507336057723
0.450,0,0.755,14.70,15.7,167,812,110,110,101,99,14,2.64,2.60,63,1.26,0.690,-0,0,32.286552786494404,-81.20502871136209,11.744507336057723
0.480,0,0.755,14.70,15.7,167,812,110,110,101,99,15,2.63,2.58,63,1.26,0.695,-0,0,32.286552786494404,-81.20502871136209,11.744507336057723
0.510,0,0.755,14.70,15.7,167,812,110,110,101,99,15,2.65,2.60,63,1.27,0.695,0,0,32.286552786494404,-81.20502871136209,11.744507336057723
0.542,0,0.760,14.70,15.7,167,812,110,110,101,99,15,2.65,2.60,63,1.26,0.695,-0,0,32.286552786494404,-81.20502871136209,11.744507336057723
0.572,0,0.755,14.70,15.7,167,812,110,110,101,99,15,2.63,2.59,63,1.26,0.695,-0,0,32.286552786494404,-81.20502871136209,11.744507336057723
0.603,0,0.755,14.70,15.7,167,812,110,110,101,99,15,2.63,2.59,63,1.26,0.695,-0,0,32.286552786494404,-81.20502871136209,11.744507336057723
0.632,0,0.755,14.70,15.7,167,812,110,110,101,99,15,2.63,2.59,63,1.26,0.695,-0,0,32.286552786494404,-81.20502871136209,11.744507336057723
0.663,0,0.755,14.70,15.7,167,812,110,110,101,100,15,2.66,2.62,63,1.26,0.695,-0,0,32.286552786494404,-81.20502871136209,11.744507336057723
0.705,0,0.755,14.70,15.7,167,812,110,110,101,99,14,2.63,2.59,63,1.26,0.695,-0,0,32.286552786494404,-81.20502871136209,11.744507336057723
0.735,0,0.760,14.70,15.7,167,812,110,110,101,99,14,2.64,2.59,63,1.26,0.695,-0,0,32.286552786494404,-81.20502871136209,11.744507336057723
0.764,0,0.755,14.70,15.7,167,812,110,110,101,99,15,2.65,2.60,63,1.26,0.695,-0,0,32.286552786494404,-81.20502871136209,11.744507336057723
0.810,0,0.760,14.70,15.7,167,812,110,110,101,100,14,2.66,2.62,63,1.26,0.695,0,0,32.286552786494404,-81.20502871136209,11.744507336057723
0.842,0,0.755,14.70,15.7,167,812,110,110,101,99,14,2.63,2.59,63,1.26,0.690,0,0,32.286552786494404,-81.20502871136209,11.744507336057723
0.843,0,0.760,14.70,15.7,167,825,110,110,101,99,14,2.63,2.59,63,1.27,0.695,-0,0,32.286552786494404,-81.20502871136209,11.744507336057723
0.872,0,0.760,14.70,15.7,167,812,110,110,101,99,14,2.64,2.59,63,1.26,0.695,-0,0,32.286552786494404,-81.20502871136209,11.744507336057723
0.902,0,0.760,14.70,15.7,167,825,110,110,101,99,14,2.63,2.58,63,1.26,0.695,-0,0,32.286552786494404,-81.20502871136209,11.744507336057723
0.933,0,0.755,14.70,15.7,167,825,110,110,101,99,14,2.63,2.59,63,1.26,0.695,0,0,32.286552786494404,-81.20502871136209,11.744507336057723
0.962,0,0.755,14.70,15.7,167,825,110,110,101,99,14,2.64,2.60,63,1.26,0.695,-0,0,32.286552786494404,-81.20502871136209,11.744507336057723
0.992,0,0.755,14.70,15.7,167,825,110,110,101,99,14,2.64,2.59,63,1.26,0.695,-0,0,32.286552786494404,-81.20502871136209,11.744507336057723
1.022,0,0.760,14.70,15.7,167,812,110,110,101,99,14,2.62,2.58,63,1.26,0.695,-0,0,32.286552786494404,-81.20502871136209,11.744507336057723
1.054,0,0.755,14.70,15.7,167,812,110,110,101,99,14,2.64,2.59,63,1.26,0.690,-0,0,32.286552786494404,-81.20502871136209,11.744507336057723
1.082,0,0.760,14.70,15.7,167,812,110,110,101,99,15,2.63,2.59,63,1.26,0.695,-0,0,32.286552786494404,-81.20502871136209,11.744507336057723
1.125,0,0.755,14.70,15.7,167,825,110,110,101,99,14,2.66,2.61,63,1.26,0.695,-0,0,32.28655278649418,-81.2050287113613,11.744507336057723
1.173,0,0.755,14.70,15.7,167,825,110,110,101,99,14,2.64,2.60,63,1.26,0.695,-0,0,32.28655278649418,-81.2050287113613,11.744507336057723
1.202,0,0.760,14.70,15.7,167,812,110,110,101,99,15,2.65,2.60,63,1.26,0.695,-0,0,32.28655278649418,-81.2050287113613,11.744507336057723
1.229,0,0.760,14.70,15.7,167,800,110,110,102,99,16,2.67,2.62,63,1.27,0.695,-0,0,32.28655278649418,-81.2050287113613,11.744507336057723
1.260,0,0.760,14.70,15.7,167,800,110,110,101,99,16,2.68,2.63,63,1.26,0.695,-0,0,32.28655278649418,-81.2050287113613,11.744507336057723
1.305,0,0.755,14.70,15.7,167,800,110,110,101,99,16,2.66,2.62,63,1.26,0.695,-0,0,32.28655278649418,-81.2050287113613,11.744507336057723
1.336,0,0.755,14.70,15.7,167,800,110,110,102,99,16,2.67,2.62,63,1.26,0.695,-0,0,32.28655278649418,-81.2050287113613,11.744507336057723
1.336,0,0.760,14.70,15.7,167,800,110,110,102,99,16,2.66,2.61,63,1.26,0.695,-0,0,32.28655278649418,-81.2050287113613,11.744507336057723
1.365,0,0.755,14.70,15.7,167,812,110,110,102,99,15,2.68,2.63,63,1.26,0.695,0,0,32.28655278649418,-81.2050287113613,11.744507336057723
1.395,0,0.755,14.70,15.7,167,812,110,110,101,99,15,2.66,2.60,63,1.26,0.695,0,0,32.28655278649418,-81.2050287113613,11.744507336057723
1.425,0,0.755,14.70,15.7,167,812,110,110,101,99,15,2.66,2.61,63,1.26,0.695,-0,0,32.28655278649418,-81.2050287113613,11.744507336057723
1.455,0,0.760,14.70,15.7,167,812,110,110,101,99,15,2.65,2.60,63,1.26,0.695,-0,0,32.28655278649418,-81.2050287113613,11.744507336057723
1.488,0,0.755,14.70,15.7,167,812,110,110,101,99,14,2.67,2.62,63,1.26,0.695,-0,0,32.28655278649418,-81.2050287113613,11.744507336057723
1.518,0,0.755,14.70,15.7,167,825,110,110,101,99,14,2.65,2.60,63,1.26,0.695,0,0,32.28655278649418,-81.2050287113613,11.744507336057723
1.548,0,0.755,14.70,15.7,167,812,110,110,101,99,14,2.65,2.60,63,1.26,0.695,0,0,32.28655278649418,-81.2050287113613,11.744507336057723
1.576,0,0.760,14.70,15.7,167,825,110,110,101,99,14,2.65,2.59,63,1.27,0.695,-0,0,32.28655278649418,-81.2050287113613,11.744507336057723
1.623,0,0.760,14.70,15.7,167,812,110,110,101,99,14,2.65,2.60,63,1.26,0.695,-0,0,32.28655278649418,-81.2050287113613,11.744507336057723
1.653,0,0.755,14.70,15.7,167,812,110,110,101,99,15,2.65,2.60,63,1.26,0.695,-0,0,32.28655278649418,-81.2050287113613,11.744507336057723
1.683,0,0.755,14.70,15.7,167,812,110,110,101,99,15,2.67,2.61,63,1.26,0.690,0,0,32.28655278649418,-81.2050287113613,11.744507336057723
1.713,0,0.760,14.70,15.7,167,812,110,110,101,99,15,2.64,2.60,63,1.26,0.695,-0,0,32.28655278649418,-81.2050287113613,11.744507336057723
1.742,0,0.755,14.70,15.7,167,825,110,110,101,99,14,2.66,2.60,63,1.26,0.695,-0,0,32.28655278649418,-81.2050287113613,11.744507336057723
1.772,0,0.755,14.70,15.7,167,812,110,110,101,99,14,2.66,2.60,63,1.26,0.695,-0,0,32.28655278649418,-81.2050287113613,11.744507336057723
1.799,0,0.755,14.70,15.7,167,812,110,110,101,99,14,2.66,2.61,63,1.26,0.695,0,0,32.28655278649418,-81.2050287113613,11.744507336057723
1.845,0,0.760,14.70,15.7,167,812,110,110,101,99,15,2.65,2.60,63,1.26,0.695,0,0,32.28655278649418,-81.2050287113613,11.744507336057723
1.875,0,0.755,14.70,15.7,167,812,110,110,101,99,15,2.64,2.59,63,1.26,0.695,-0,0,32.28655278649418,-81.2050287113613,11.744507336057723
1.904,0,0.755,14.70,15.7,167,812,110,110,101,99,15,2.64,2.59,63,1.26,0.695,-0,0,32.28655278649418,-81.2050287113613,11.744507336057723
1.935,0,0.755,14.70,15.7,167,812,110,110,101,99,15,2.65,2.59,63,1.26,0.695,-0,0,32.28655278649418,-81.2050287113613,11.744507336057723
1.965,0,0.760,14.70,15.7,167,812,110,110,101,99,15,2.65,2.60,63,1.26,0.695,-0,0,32.28655278649418,-81.2050287113613,11.744507336057723
1.994,0,0.755,14.70,15.7,167,812,110,110,101,99,15,2.65,2.60,63,1.26,0.690,-0,0,32.28655278649418,-81.2050287113613,11.744507336057723
2.025,0,0.755,14.70,15.7,167,825,110,110,101,99,14,2.64,2.59,63,1.26,0.695,-0,0,32.28655278649418,-81.2050287113613,11.744507336057723
2.054,0,0.760,14.70,15.7,167,825,110,110,101,99,14,2.64,2.59,63,1.26,0.695,-0,0,32.28655278649418,-81.2050287113613,11.744507336057723
2.085,0,0.755,14.70,15.7,167,812,110,110,101,99,14,2.64,2.59,63,1.26,0.695,-0,0,32.28655278649418,-81.2050287113613,11.744507336057723
2.129,0,0.755,14.70,15.7,167,825,110,110,101,99,14,2.63,2.58,63,1.26,0.695,0,0,32.28655265935309,-81.20502938545283,11.720873377285898
2.160,0,0.755,14.70,15.7,167,825,110,110,101,99,14,2.62,2.58,63,1.27,0.695,0,0,32.28655265935309,-81.20502938545283,11.720873377285898
2.160,0,0.760,14.70,15.7,167,812,110,110,101,99,14,2.63,2.58,63,1.26,0.695,-0,0,32.28655265935309,-81.20502938545283,11.720873377285898
2.189,0,0.760,14.70,15.7,167,812,110,110,101,99,14,2.63,2.58,63,1.26,0.695,-0,0,32.28655265935309,-81.20502938545283,11.720873377285898
2.220,0,0.755,14.70,15.7,167,812,110,110,101,99,15,2.63,2.58,63,1.26,0.695,-0,0,32.28655265935309,-81.20502938545283,11.720873377285898
2.249,0,0.755,14.70,15.7,167,812,110,110,101,99,14,2.64,2.59,63,1.26,0.695,0,0,32.28655265935309,-81.20502938545283,11.720873377285898
2.280,0,0.755,14.70,15.7,167,812,110,110,101,99,15,2.65,2.60,63,1.26,0.690,-0,0,32.28655265935309,-81.20502938545283,11.720873377285898
2.312,0,0.755,14.70,15.7,167,812,110,110,101,99,14,2.64,2.59,63,1.26,0.695,-0,0,32.28655265935309,-81.20502938545283,11.720873377285898
2.342,0,0.755,14.70,15.7,167,812,110,110,101,99,14,2.65,2.59,63,1.26,0.695,-0,0,32.28655265935309,-81.20502938545283,11.720873377285898
2.372,0,0.755,14.70,15.7,167,812,110,110,102,99,14,2.65,2.59,63,1.26,0.695,0,0,32.28655265935309,-81.20502938545283,11.720873377285898
2.402,0,0.760,14.70,15.7,167,812,110,110,101,99,14,2.64,2.59,63,1.26,0.695,0,0,32.28655265935309,-81.20502938545283,11.720873377285898
2.432,0,0.755,14.70,15.7,167,825,110,110,101,99,14,2.63,2.58,63,1.26,0.695,-0,0,32.28655265935309,-81.20502938545283,11.720873377285898
2.462,0,0.755,14.70,15.7,167,825,110,110,101,99,14,2.64,2.58,63,1.26,0.695,-0,0,32.28655265935309,-81.20502938545283,11.720873377285898
2.492,0,0.760,14.70,15.7,167,812,110,110,102,99,14,2.64,2.58,63,1.26,0.695,-0,0,32.28655265935309,-81.20502938545283,11.720873377285898
2.522,0,0.755,14.70,15.7,167,825,110,110,101,99,14,2.66,2.60,63,1.26,0.695,-0,0,32.28655265935309,-81.20502938545283,11.720873377285898
2.552,0,0.755,14.70,15.7,167,825,110,110,102,99,14,2.64,2.58,63,1.26,0.695,-0,0,32.28655265935309,-81.20502938545283,11.720873377285898
2.582,0,0.755,14.70,15.7,167,825,110,110,101,99,14,2.64,2.59,63,1.26,0.690,-0,0,32.28655265935309,-81.20502938545283,11.720873377285898
2.612,0,0.760,14.70,15.7,167,812,110,110,101,99,15,2.64,2.59,63,1.26,0.695,-0,0,32.28655265935309,-81.20502938545283,11.720873377285898
2.642,0,0.755,14.70,15.7,167,812,110,110,101,99,15,2.64,2.59,63,1.26,0.695,-0,0,32.28655265935309,-81.20502938545283,11.720873377285898
2.672,0,0.755,14.70,15.7,167,812,110,110,102,99,15,2.64,2.58,63,1.26,0.695,0,0,32.28655265935309,-81.20502938545283,11.720873377285898
2.702,0,0.755,14.70,15.7,167,812,110,110,101,99,15,2.64,2.59,63,1.26,0.695,-0,0,32.28655265935309,-81.20502938545283,11.720873377285898
2.732,0,0.755,14.70,15.7,167,812,110,110,101,99,15,2.64,2.59,63,1.26,0.695,-0,0,32.28655265935309,-81.20502938545283,11.720873377285898
2.762,0,0.755,14.70,15.7,167,812,110,110,101,99,15,2.64,2.59,63,1.26,0.695,-0,0,32.28655265935309,-81.20502938545283,11.720873377285898
2.792,0,0.755,14.70,15.7,167,812,110,110,101,99,15,2.65,2.60,63,1.26,0.695,-0,0,32.28655265935309,-81.20502938545283,11.720873377285898
2.822,0,0.755,14.70,15.7,167,812,110,110,102,99,15,2.65,2.60,63,1.26,0.695,0,0,32.28655265935309,-81.20502938545283,11.720873377285898
2.881,0,0.755,14.70,15.7,167,800,110,110,101,99,16,2.66,2.61,63,1.26,0.695,-0,0,32.28655265935309,-81.20502938545283,11.720873377285898
2.910,0,0.755,14.70,15.7,167,812,110,110,101,99,15,2.66,2.62,63,1.26,0.690,-0,0,32.28655265935309,-81.20502938545283,11.720873377285898
2.939,0,0.755,14.70,15.7,167,812,110,110,101,99,15,2.67,2.62,63,1.26,0.695,-0,0,32.28655265935309,-81.20502938545283,11.720873377285898
2.970,0,0.755,14.70,15.7,167,812,110,110,102,99,15,2.66,2.61,63,1.26,0.695,-0,0,32.28655265935309,-81.20502938545283,11.720873377285898
2.999,0,0.760,14.70,15.7,167,812,110,110,102,99,15,2.67,2.62,63,1.26,0.695,-0,0,32.28655265935309,-81.20502938545283,11.720873377285898
3.030,0,0.755,14.70,15.7,167,812,110,110,102,99,15,2.66,2.61,63,1.26,0.695,-0,0,32.28655265935309,-81.20502938545283,11.720873377285898
3.059,0,0.755,14.70,15.7,167,812,110,110,101,99,15,2.66,2.61,63,1.26,0.695,-0,0,32.28655265935309,-81.20502938545283,11.720873377285898
3.090,0,0.755,14.70,15.7,167,800,110,110,102,99,15,2.67,2.61,63,1.26,0.695,-0,0,32.28655265935309,-81.20502938545283,11.720873377285898
3.119,0,0.760,14.70,15.7,167,812,110,110,102,99,15,2.66,2.60,63,1.26,0.695,0,0,32.28655266210992,-81.20502938351018,11.724423449486494
3.150,0,0.755,14.70,15.7,167,812,110,110,102,99,15,2.67,2.62,63,1.26,0.695,0,0,32.28655266210992,-81.20502938351018,11.724423449486494
3.180,0,0.755,14.70,15.7,167,812,110,110,101,99,15,2.65,2.61,63,1.26,0.695,-0,0,32.28655266210992,-81.20502938351018,11.724423449486494
3.212,0,0.755,14.70,15.7,167,812,110,110,101,99,14,2.66,2.61,63,1.26,0.690,-0,0,32.28655266210992,-81.20502938351018,11.724423449486494
3.242,0,0.760,14.70,15.7,167,812,110,110,101,99,15,2.66,2.60,63,1.26,0.695,-0,0,32.28655266210992,-81.20502938351018,11.724423449486494
3.273,0,0.760,14.70,15.7,167,812,110,110,102,99,14,2.65,2.60,63,1.26,0.695,-0,0,32.28655266210992,-81.20502938351018,11.724423449486494
3.315,0,0.755,14.70,15.7,167,825,110,110,101,99,14,2.64,2.60,63,1.26,0.695,-0,0,32.28655266210992,-81.20502938351018,11.724423449486494
3.344,0,0.755,14.70,15.7,167,825,110,110,101,99,14,2.64,2.59,63,1.26,0.695,-0,0,32.28655266210992,-81.20502938351018,11.724423449486494
3.375,0,0.760,14.70,15.7,167,812,110,110,101,99,15,2.65,2.60,63,1.26,0.695,-0,0,32.28655266210992,-81.20502938351018,11.724423449486494
3.404,0,0.755,14.70,15.7,167,812,110,110,101,99,15,2.64,2.59,63,1.26,0.695,-0,0,32.28655266210992,-81.20502938351018,11.724423449486494
3.437,0,0.755,14.70,15.7,167,812,110,110,102,99,15,2.66,2.61,63,1.26,0.695,0,0,32.28655266210992,-81.20502938351018,11.724423449486494
3.467,0,0.755,14.70,15.7,167,812,110,110,101,99,15,2.66,2.61,63,1.26,0.695,-0,0,32.28655266210992,-81.20502938351018,11.724423449486494
3.497,0,0.760,14.70,15.7,167,812,110,110,101,99,15,2.66,2.60,63,1.26,0.695,-0,0,32.28655266210992,-81.20502938351018,11.724423449486494
3.554,0,0.755,14.70,15.7,167,812,110,110,101,99,15,2.65,2.60,63,1.26,0.690,-0,0,32.28655266210992,-81.20502938351018,11.724423449486494
3.585,0,0.755,14.70,15.7,167,812,110,110,101,99,15,2.65,2.59,63,1.26,0.695,-0,0,32.28655266210992,-81.20502938351018,11.724423449486494
3.586,0,0.755,14.70,15.7,167,812,110,110,101,99,15,2.65,2.59,63,1.26,0.695,-0,0,32.28655266210992,-81.20502938351018,11.724423449486494
3.629,0,0.760,14.70,15.7,167,812,110,110,101,99,15,2.66,2.61,63,1.26,0.695,-0,0,32.28655266210992,-81.20502938351018,11.724423449486494
3.660,0,0.755,14.70,15.7,167,812,110,110,101,99,15,2.66,2.61,63,1.26,0.695,-0,0,32.28655266210992,-81.20502938351018,11.724423449486494
3.689,0,0.755,14.70,15.7,167,800,110,110,102,99,15,2.66,2.60,63,1.26,0.695,-0,0,32.28655266210992,-81.20502938351018,11.724423449486494
3.734,0,0.755,14.70,15.7,167,812,110,110,101,99,15,2.65,2.60,63,1.27,0.695,0,0,32.28655266210992,-81.20502938351018,11.724423449486494
3.780,0,0.760,14.70,15.7,167,812,110,110,101,99,15,2.67,2.61,63,1.26,0.695,0,0,32.28655266210992,-81.20502938351018,11.724423449486494
3.780,0,0.755,14.70,15.7,167,812,110,110,101,99,15,2.66,2.61,63,1.26,0.695,-0,0,32.28655266210992,-81.20502938351018,11.724423449486494
3.810,0,0.760,14.70,15.7,167,812,110,110,101,99,15,2.65,2.60,63,1.26,0.695,-0,0,32.28655266210992,-81.20502938351018,11.724423449486494
3.840,0,0.755,14.70,15.7,167,812,110,110,101,99,15,2.66,2.61,63,1.26,0.690,-0,0,32.28655266210992,-81.20502938351018,11.724423449486494
3.870,0,0.760,14.70,15.7,167,812,110,110,101,99,15,2.67,2.61,63,1.26,0.700,-0,0,32.28655266210992,-81.20502938351018,11.724423449486494
3.900,0,0.755,14.70,15.7,167,812,110,110,101,99,15,2.66,2.61,63,1.26,0.695,-0,0,32.28655266210992,-81.20502938351018,11.724423449486494
3.930,0,0.760,14.70,15.7,167,812,110,110,101,99,15,2.66,2.61,63,1.26,0.695,-0,0,32.28655266210992,-81.20502938351018,11.724423449486494
3.960,0,0.755,14.70,15.7,167,812,110,110,101,99,15,2.67,2.61,63,1.26,0.695,-0,0,32.28655266210992,-81.20502938351018,11.724423449486494
3.990,0,0.760,14.70,15.7,167,800,110,110,101,99,16,2.67,2.62,63,1.26,0.695,-0,0,32.28655266210992,-81.20502938351018,11.724423449486494
4.020,0,0.755,14.70,15.7,167,800,110,110,101,99,16,2.68,2.63,63,1.26,0.695,-0,0,32.28655266210992,-81.20502938351018,11.724423449486494
4.050,0,0.760,14.70,15.7,167,800,110,110,101,99,16,2.67,2.62,63,1.26,0.695,-0,0,32.28655266210992,-81.20502938351018,11.724423449486494
4.080,0,0.755,14.70,15.7,167,812,110,110,101,99,15,2.66,2.61,63,1.26,0.695,-0,0,32.28655266210992,-81.20502938351018,11.724423449486494
4.112,0,0.760,14.70,15.7,167,812,110,110,101,99,15,2.67,2.62,63,1.26,0.695,-0,0,32.28655266210992,-81.20502938351018,11.724423449486494
4.139,0,0.755,14.70,15.7,167,812,110,110,101,99,15,2.67,2.62,63,1.26,0.690,-0,0,32.28655266210992,-81.20502938351018,11.724423449486494
4.185,0,0.760,14.70,15.7,167,812,110,110,101,99,15,2.66,2.61,63,1.27,0.695,-0,0,32.28655266210992,-81.20502938351018,11.724423449486494
4.215,0,0.760,14.70,15.7,167,812,110,110,101,99,15,2.67,2.63,63,1.26,0.695,-0,0,32.28655266210992,-81.20502938351018,11.724423449486494
4.244,0,0.760,14.70,15.7,167,812,110,110,101,99,15,2.67,2.63,63,1.26,0.695,-0,0,32.28655266210992,-81.20502938351018,11.724423449486494
4.275,0,0.755,14.70,15.7,167,812,110,110,101,99,15,2.67,2.62,63,1.26,0.695,-0,0,32.28655266210992,-81.20502938351018,11.724423449486494
4.305,0,0.755,14.70,15.7,167,812,110,110,101,99,15,2.67,2.62,63,1.26,0.695,-0,0,32.28655266210992,-81.20502938351018,11.724423449486494
4.335,0,0.755,14.70,15.7,167,812,110,110,101,99,15,2.67,2.62,63,1.26,0.695,0,0,32.28655266210992,-81.20502938351018,11.724423449486494
4.364,0,0.760,14.70,15.7,167,812,110,110,101,99,15,2.67,2.63,63,1.26,0.695,-0,0,32.28655266210992,-81.20502938351018,11.724423449486494
4.395,0,0.755,14.70,15.7,167,812,110,110,101,99,14,2.67,2.61,63,1.26,0.695,-0,0,32.28655266210992,-81.20502938351018,11.724423449486494
4.424,0,0.760,14.70,15.7,167,812,110,110,101,99,15,2.67,2.61,63,1.26,0.695,-0,0,32.28655266210992,-81.20502938351018,11.724423449486494
4.454,0,0.755,14.70,15.7,167,812,110,110,101,99,15,2.67,2.62,63,1.26,0.690,0,0,32.28655266210992,-81.20502938351018,11.724423449486494
4.485,0,0.760,14.70,15.7,167,812,110,110,101,99,15,2.67,2.61,63,1.26,0.695,0,0,32.28655266210992,-81.20502938351018,11.724423449486494
4.514,0,0.755,14.70,15.7,167,812,110,110,101,99,15,2.67,2.62,63,1.26,0.695,-0,0,32.28655266210992,-81.20502938351018,11.724423449486494
4.545,0,0.755,14.70,15.7,167,812,110,110,101,99,15,2.65,2.60,63,1.26,0.695,-0,0,32.28655266210992,-81.20502938351018,11.724423449486494
4.574,0,0.755,14.70,15.7,167,812,110,110,101,99,15,2.67,2.61,63,1.26,0.695,-0,0,32.28655256012942,-81.20502943308252,11.724423449486494
4.605,0,0.760,14.70,15.7,167,812,110,110,101,99,15,2.67,2.62,63,1.26,0.695,0,0,32.28655256012942,-81.20502943308252,11.724423449486494
4.634,0,0.755,14.70,15.7,167,812,110,110,101,99,15,2.66,2.61,63,1.26,0.695,0,0,32.28655256012942,-81.20502943308252,11.724423449486494
4.665,0,0.755,14.70,15.7,167,812,110,110,101,99,15,2.66,2.61,63,1.26,0.695,-0,0,32.28655256012942,-81.20502943308252,11.724423449486494
4.699,0,0.755,14.70,15.7,167,812,110,110,101,99,14,2.67,2.62,63,1.26,0.695,-0,0,32.28655256012942,-81.20502943308252,11.724423449486494
4.727,0,0.760,14.70,15.7,167,812,110,110,101,99,14,2.66,2.61,63,1.26,0.695,-0,0,32.28655256012942,-81.20502943308252,11.724423449486494
4.756,0,0.755,14.70,15.7,167,812,110,110,101,99,14,2.66,2.61,63,1.26,0.690,0,0,32.28655256012942,-81.20502943308252,11.724423449486494
4.785,0,0.755,14.70,15.7,167,812,110,110,101,99,14,2.65,2.60,63,1.26,0.695,-0,0,32.28655256012942,-81.20502943308252,11.724423449486494
4.815,0,0.760,14.70,15.7,167,812,110,110,101,99,15,2.65,2.60,63,1.26,0.695,-0,0,32.28655256012942,-81.20502943308252,11.724423449486494
4.844,0,0.755,14.70,15.7,167,812,110,110,101,99,15,2.66,2.61,63,1.26,0.695,-0,0,32.28655256012942,-81.20502943308252,11.724423449486494
4.875,0,0.755,14.70,15.7,167,812,110,110,101,99,15,2.65,2.60,63,1.26,0.695,-0,0,32.28655256012942,-81.20502943308252,11.724423449486494
4.904,1,0.760,14.70,15.7,167,812,110,110,101,99,15,2.65,2.60,63,1.26,0.695,0,0,32.28655256012942,-81.20502943308252,11.724423449486494
4.935,1,0.755,14.70,15.7,167,812,110,110,101,99,14,2.66,2.62,63,1.26,0.695,-0,0,32.28655256012942,-81.20502943308252,11.724423449486494
4.965,1,0.755,14.70,15.7,167,812,110,110,101,99,15,2.66,2.61,63,1.26,0.695,-0,0,32.28655256012942,-81.20502943308252,11.724423449486494
4.995,1,0.755,14.70,15.7,167,812,110,110,101,99,15,2.64,2.60,63,1.26,0.695,-0,0,32.28655256012942,-81.20502943308252,11.724423449486494
5.024,1,0.760,14.70,15.7,167,812,110,110,101,99,15,2.64,2.60,63,1.26,0.695,0,0,32.28655256012942,-81.20502943308252,11.724423449486494
5.055,1,0.755,14.70,15.7,167,812,110,110,101,99,15,2.65,2.60,63,1.27,0.695,0,0,32.28655256012942,-81.20502943308252,11.724423449486494
5.084,1,0.755,14.70,15.7,167,812,110,110,101,99,15,2.67,2.61,63,1.26,0.695,-0,0,32.28655256012942,-81.20502943308252,11.724423449486494
5.115,1,0.755,14.70,15.7,167,812,110,110,101,99,15,2.65,2.60,63,1.26,0.695,-0,0,32.28655227208339,-81.20502934756077,11.731803419999778
5.144,1,0.760,14.70,15.7,167,812,110,110,101,99,14,2.65,2.60,63,1.26,0.695,-0,0,32.28655227208339,-81.20502934756077,11.731803419999778
5.205,1,0.760,14.70,15.7,167,812,110,110,101,99,14,2.66,2.61,63,1.26,0.695,-0,0,32.28655227208339,-81.20502934756077,11.731803419999778
5.235,1,0.755,14.70,15.7,167,825,110,110,101,99,14,2.64,2.59,63,1.26,0.695,-0,0,32.28655227208339,-81.20502934756077,11.731803419999778
5.236,1,0.755,14.70,15.7,167,825,110,110,101,99,14,2.64,2.59,63,1.26,0.695,-0,0,32.28655227208339,-81.20502934756077,11.731803419999778
5.265,1,0.760,14.70,15.7,167,812,110,110,101,99,15,2.64,2.60,63,1.26,0.695,-0,0,32.28655227208339,-81.20502934756077,11.731803419999778
5.295,1,0.755,14.70,15.7,167,812,110,110,101,99,15,2.64,2.59,63,1.26,0.695,-0,0,32.28655227208339,-81.20502934756077,11.731803419999778
5.324,1,0.755,14.70,15.7,167,812,110,110,101,99,15,2.63,2.58,63,1.26,0.695,-0,0,32.28655227208339,-81.20502934756077,11.731803419999778
5.355,1,0.755,14.70,15.7,167,812,110,110,101,99,15,2.63,2.58,63,1.26,0.695,-0,0,32.28655227208339,-81.20502934756077,11.731803419999778
5.384,1,0.760,14.70,15.7,167,812,110,110,101,99,15,2.65,2.60,63,1.26,0.695,-0,0,32.28655227208339,-81.20502934756077,11.731803419999778
5.415,1,0.760,14.70,15.7,167,812,110,110,101,99,15,2.65,2.60,63,1.26,0.695,-0,0,32.28655227208339,-81.20502934756077,11.731803419999778
5.444,1,0.755,14.70,15.7,167,812,110,110,101,99,15,2.64,2.59,63,1.26,0.695,-0,0,32.28655227208339,-81.20502934756077,11.731803419999778
5.475,1,0.755,14.70,15.7,167,812,110,110,101,99,15,2.63,2.58,63,1.26,0.695,-0,0,32.28655227208339,-81.20502934756077,11.731803419999778
5.507,1,0.760,14.70,15.7,167,812,110,110,101,99,15,2.65,2.60,63,1.26,0.695,-0,0,32.28655227208339,-81.20502934756077,11.731803419999778
5.537,1,0.755,14.70,15.7,167,812,110,110,101,99,15,2.64,2.59,63,1.26,0.695,-0,0,32.28655227208339,-81.20502934756077,11.731803419999778
5.567,1,0.755,14.70,15.7,167,812,110,110,101,99,15,2.64,2.59,63,1.26,0.690,-0,0,32.28655227208339,-81.20502934756077,11.731803419999778
5.595,1,0.760,14.70,15.7,167,812,110,110,101,99,15,2.63,2.59,63,1.26,0.695,0,0,32.28655227208339,-81.20502934756077,11.731803419999778
5.624,1,0.760,14.70,15.7,167,812,110,110,101,99,15,2.66,2.61,63,1.26,0.695,0,0,32.28655227208339,-81.20502934756077,11.731803419999778
5.655,1,0.755,14.70,15.7,167,812,110,110,101,99,15,2.65,2.60,63,1.27,0.690,-0,0,32.28655227208339,-81.20502934756077,11.731803419999778
5.684,1,0.755,14.70,15.7,167,812,110,110,101,99,15,2.64,2.60,63,1.26,0.695,-0,0,32.28655227208339,-81.20502934756077,11.731803419999778
5.715,1,0.755,14.70,15.7,167,812,110,110,101,99,15,2.64,2.59,63,1.26,0.695,-0,0,32.28655227208339,-81.20502934756077,11.731803419999778
5.744,1,0.760,14.70,15.7,167,812,110,110,101,99,15,2.66,2.61,63,1.26,0.695,-0,0,32.28655227208339,-81.20502934756077,11.731803419999778
5.775,1,0.755,14.70,15.7,167,812,110,110,101,99,15,2.64,2.60,63,1.26,0.695,-0,0,32.28655227208339,-81.20502934756077,11.731803419999778
5.804,1,0.760,14.70,15.7,167,812,110,110,101,99,15,2.63,2.59,63,1.26,0.695,-0,0,32.28655227208339,-81.20502934756077,11.731803419999778
5.834,1,0.755,14.70,15.7,167,812,110,110,101,99,15,2.64,2.59,63,1.26,0.695,-0,0,32.28655227208339,-81.20502934756077,11.731803419999778
5.865,1,0.760,14.70,15.7,167,812,110,110,101,99,15,2.64,2.60,63,1.26,0.695,-0,0,32.28655227208339,-81.20502934756077,11.731803419999778
5.894,1,0.755,14.70,15.7,167,812,110,110,101,99,15,2.63,2.58,63,1.26,0.695,0,0,32.28655227208339,-81.20502934756077,11.731803419999778
5.925,1,0.760,14.70,15.7,167,812,110,110,101,99,15,2.62,2.58,63,1.26,0.695,-0,0,32.28655227208339,-81.20502934756077,11.731803419999778
5.954,1,0.755,14.70,15.7,167,825,110,110,101,99,14,2.64,2.60,63,1.26,0.690,-0,0,32.28655227208339,-81.20502934756077,11.731803419999778
5.984,1,0.760,14.70,15.7,167,812,110,110,101,99,14,2.63,2.58,63,1.26,0.695,-0,0,32.28655227208339,-81.20502934756077,11.731803419999778
6.015,1,0.755,14.70,15.7,167,825,110,110,101,99,14,2.63,2.58,63,1.26,0.695,-0,0,32.28655227208339,-81.20502934756077,11.731803419999778
6.059,1,0.755,14.70,15.7,167,812,110,110,101,99,14,2.63,2.59,63,1.26,0.695,-0,0,32.28655227208339,-81.20502934756077,11.731803419999778
6.090,1,0.755,14.70,15.7,167,812,110,110,101,99,14,2.64,2.59,63,1.26,0.695,-0,0,32.28655227208339,-81.20502934756077,11.731803419999778
6.119,1,0.755,14.70,15.7,167,825,110,110,101,99,14,2.64,2.59,63,1.26,0.695,-0,0,32.28655216938323,-81.20502970550963,11.688093638978899
6.152,1,0.755,14.70,15.7,167,812,110,110,101,99,14,2.64,2.58,63,1.26,0.695,-0,0,32.28655216938323,-81.20502970550963,11.688093638978899
6.182,1,0.760,14.70,15.7,167,825,110,110,101,99,14,2.63,2.58,63,1.26,0.695,0,0,32.28655216938323,-81.20502970550963,11.688093638978899
6.212,1,0.755,14.70,15.7,167,812,110,110,101,99,14,2.65,2.60,63,1.26,0.695,0,0,32.28655216938323,-81.20502970550963,11.688093638978899
6.239,1,0.755,14.70,15.7,167,812,110,110,101,99,14,2.64,2.59,63,1.26,0.695,-0,0,32.28655216938323,-81.20502970550963,11.688093638978899
6.270,1,0.755,14.70,15.7,167,825,110,110,101,99,14,2.64,2.59,63,1.26,0.690,-0,0,32.28655216938323,-81.20502970550963,11.688093638978899
6.299,1,0.760,14.70,15.7,167,812,110,110,101,99,14,2.63,2.58,63,1.26,0.695,-0,0,32.28655216938323,-81.20502970550963,11.688093638978899
6.330,1,0.755,14.70,15.7,167,825,110,110,101,99,14,2.64,2.59,63,1.26,0.695,0,0,32.28655216938323,-81.20502970550963,11.688093638978899
6.359,1,0.755,14.70,15.7,167,812,110,110,101,99,14,2.64,2.59,63,1.26,0.695,0,0,32.28655216938323,-81.20502970550963,11.688093638978899
6.390,1,0.755,14.70,15.7,167,825,110,110,101,99,14,2.63,2.58,63,1.26,0.695,-0,0,32.28655216938323,-81.20502970550963,11.688093638978899
6.420,1,0.755,14.70,15.7,167,812,110,110,101,99,15,2.63,2.58,63,1.26,0.695,-0,0,32.28655216938323,-81.20502970550963,11.688093638978899
6.450,1,0.755,14.70,15.7,167,812,110,110,102,99,15,2.65,2.59,63,1.26,0.695,-0,0,32.28655216938323,-81.20502970550963,11.688093638978899
6.479,1,0.755,14.70,15.7,167,812,110,110,102,99,14,2.64,2.59,63,1.26,0.695,0,0,32.28655216938323,-81.20502970550963,11.688093638978899
6.509,1,0.755,14.70,15.7,167,812,110,110,101,99,14,2.63,2.59,63,1.26,0.695,-0,0,32.28655216938323,-81.20502970550963,11.688093638978899
6.540,1,0.760,14.70,15.7,167,812,110,110,101,99,14,2.64,2.59,63,1.26,0.695,-0,0,32.28655216938323,-81.20502970550963,11.688093638978899
6.569,1,0.755,14.70,15.7,167,812,110,110,102,99,15,2.65,2.59,63,1.26,0.695,-0,0,32.28655216938323,-81.20502970550963,11.688093638978899
6.600,1,0.755,14.70,15.7,167,812,110,110,101,99,15,2.63,2.59,63,1.26,0.695,-0,0,32.28655216938323,-81.20502970550963,11.688093638978899
6.630,1,0.755,14.70,15.7,167,812,110,110,101,100,15,2.64,2.60,63,1.26,0.695,0,0,32.28655216938323,-81.20502970550963,11.688093638978899
6.674,1,0.760,14.70,15.7,167,812,110,110,101,99,15,2.65,2.61,63,1.26,0.695,-0,0,32.28655216938323,-81.20502970550963,11.688093638978899
6.705,1,0.755,14.70,15.7,167,812,110,110,101,99,14,2.65,2.61,63,1.26,0.695,-0,0,32.28655216938323,-81.20502970550963,11.688093638978899
6.736,1,0.755,14.70,15.7,167,812,110,110,101,99,15,2.65,2.60,63,1.26,0.695,-0,0,32.28655216938323,-81.20502970550963,11.688093638978899
6.764,1,0.755,14.70,15.7,167,812,110,110,101,99,15,2.64,2.60,63,1.26,0.695,-0,0,32.28655216938323,-81.20502970550963,11.688093638978899
6.794,1,0.760,14.70,15.7,167,812,110,110,101,99,15,2.66,2.62,63,1.26,0.695,-0,0,32.28655216938323,-81.20502970550963,11.688093638978899
6.825,1,0.755,14.70,15.7,167,812,110,110,101,99,14,2.65,2.60,63,1.26,0.695,-0,0,32.28655216938323,-81.20502970550963,11.688093638978899
6.854,1,0.755,14.70,15.7,167,825,110,110,101,99,14,2.64,2.60,63,1.26,0.695,-0,0,32.28655216938323,-81.20502970550963,11.688093638978899
6.885,1,0.755,14.70,15.7,167,825,110,110,101,99,14,2.65,2.60,63,1.26,0.695,-0,0,32.28655216938323,-81.20502970550963,11.688093638978899
6.915,2,0.755,14.70,15.7,167,825,110,110,101,99,14,2.63,2.58,63,1.26,0.695,-0,0,32.28655216938323,-81.20502970550963,11.688093638978899
6.945,2,0.755,14.70,15.7,167,825,110,110,101,99,14,2.63,2.59,63,1.26,0.695,-0,0,32.28655216938323,-81.20502970550963,11.688093638978899
6.975,2,0.755,14.70,15.7,167,825,110,110,101,99,14,2.63,2.58,63,1.26,0.695,-0,0,32.28655216938323,-81.20502970550963,11.688093638978899
7.005,2,0.755,14.70,15.7,167,812,110,110,101,99,15,2.64,2.60,63,1.26,0.695,-0,0,32.28655216938323,-81.20502970550963,11.688093638978899
7.035,2,0.760,14.70,15.7,167,812,110,110,101,99,14,2.64,2.60,63,1.26,0.695,-0,0,32.28655216938323,-81.20502970550963,11.688093638978899
7.065,2,0.755,14.70,15.7,167,812,110,110,101,99,14,2.64,2.60,63,1.26,0.695,-0,0,32.28655216938323,-81.20502970550963,11.688093638978899
7.095,2,0.760,14.70,15.7,167,812,110,110,101,99,14,2.63,2.59,63,1.26,0.695,-0,0,32.28655216938323,-81.20502970550963,11.688093638978899
7.124,2,0.755,14.70,15.7,167,812,110,110,101,99,14,2.64,2.60,63,1.26,0.695,-0,0,32.286552101449594,-81.20502989342353,11.603709178045392
7.155,2,0.755,14.70,15.7,167,812,110,110,102,99,15,2.65,2.60,63,1.26,0.695,-0,0,32.286552101449594,-81.20502989342353,11.603709178045392
7.184,2,0.755,14.70,15.7,167,812,110,110,102,99,15,2.65,2.60,63,1.27,0.690,-0,0,32.286552101449594,-81.20502989342353,11.603709178045392
7.215,2,0.760,14.70,15.7,167,812,110,110,101,99,14,2.64,2.59,63,1.26,0.695,0,0,32.286552101449594,-81.20502989342353,11.603709178045392
7.244,2,0.755,14.70,15.7,167,825,110,110,101,99,14,2.65,2.61,63,1.26,0.695,-0,0,32.286552101449594,-81.20502989342353,11.603709178045392
7.274,2,0.755,14.70,15.7,167,825,110,110,101,99,14,2.63,2.59,63,1.26,0.695,-0,0,32.286552101449594,-81.20502989342353,11.603709178045392
7.323,2,0.755,14.70,15.7,167,825,110,110,101,99,14,2.63,2.58,63,1.26,0.695,-0,0,32.286552101449594,-81.20502989342353,11.603709178045392
7.365,2,0.760,14.70,15.7,167,812,110,110,102,100,15,2.63,2.59,63,1.26,0.695,-0,0,32.286552101449594,-81.20502989342353,11.603709178045392
7.395,2,0.760,14.70,15.7,167,812,110,110,101,99,15,2.65,2.60,63,1.26,0.695,-0,0,32.286552101449594,-81.20502989342353,11.603709178045392
7.425,2,0.755,14.70,15.7,167,812,110,110,101,99,15,2.65,2.60,63,1.26,0.695,-0,0,32.286552101449594,-81.20502989342353,11.603709178045392
7.454,2,0.755,14.70,15.7,167,812,110,110,101,99,15,2.64,2.59,63,1.26,0.695,-0,0,32.286552101449594,-81.20502989342353,11.603709178045392
7.499,2,0.760,14.70,15.7,167,812,110,110,101,99,15,2.65,2.61,63,1.26,0.695,-0,0,32.286552101449594,-81.20502989342353,11.603709178045392
7.533,2,0.755,14.70,15.7,167,812,110,110,102,99,15,2.66,2.61,63,1.26,0.690,0,0,32.286552101449594,-81.20502989342353,11.603709178045392
7.563,2,0.755,14.70,15.7,167,812,110,110,101,99,15,2.64,2.59,63,1.27,0.695,0,0,32.286552101449594,-81.20502989342353,11.603709178045392
7.593,2,0.755,14.70,15.7,167,812,110,110,101,99,14,2.64,2.59,63,1.26,0.695,-0,0,32.286552101449594,-81.20502989342353,11.603709178045392
7.623,2,0.760,14.70,15.7,167,812,110,110,101,99,14,2.65,2.60,63,1.26,0.695,-0,0,32.286552101449594,-81.20502989342353,11.603709178045392
7.653,2,0.755,14.70,15.7,167,812,110,110,101,99,14,2.65,2.61,63,1.26,0.695,-0,0,32.286552101449594,-81.20502989342353,11.603709178045392
7.682,2,0.755,14.70,15.7,167,812,110,110,101,99,14,2.64,2.59,63,1.26,0.695,0,0,32.286552101449594,-81.20502989342353,11.603709178045392
7.713,2,0.760,14.70,15.7,167,825,110,110,101,99,14,2.63,2.59,63,1.26,0.695,-0,0,32.286552101449594,-81.20502989342353,11.603709178045392
7.743,2,0.760,14.70,15.7,167,825,110,110,101,99,14,2.64,2.59,63,1.26,0.695,-0,0,32.286552101449594,-81.20502989342353,11.603709178045392
7.773,2,0.755,14.70,15.7,167,812,110,110,101,99,14,2.63,2.58,63,1.26,0.695,-0,0,32.286552101449594,-81.20502989342353,11.603709178045392
7.803,2,0.760,14.70,15.7,167,825,110,110,101,99,14,2.63,2.58,63,1.26,0.695,-0,0,32.286552101449594,-81.20502989342353,11.603709178045392
7.832,2,0.755,14.70,15.7,167,825,110,110,101,99,15,2.64,2.60,63,1.26,0.690,0,0,32.286552101449594,-81.20502989342353,11.603709178045392
7.863,2,0.760,14.70,15.7,167,825,110,110,101,99,14,2.65,2.60,63,1.26,0.695,-0,0,32.286552101449594,-81.20502989342353,11.603709178045392
7.893,2,0.755,14.70,15.7,167,825,110,110,101,99,14,2.64,2.59,63,1.26,0.695,-0,0,32.286552101449594,-81.20502989342353,11.603709178045392
7.923,2,0.755,14.70,15.7,167,812,110,110,101,99,14,2.63,2.58,63,1.26,0.695,-0,0,32.286552101449594,-81.20502989342353,11.603709178045392
7.953,2,0.755,14.70,15.7,167,825,110,110,101,99,14,2.64,2.59,63,1.26,0.695,0,0,32.286552101449594,-81.20502989342353,11.603709178045392
7.995,2,0.760,14.70,15.7,167,812,110,110,101,99,14,2.64,2.59,63,1.26,0.695,0,0,32.286552101449594,-81.20502989342353,11.603709178045392
8.025,2,0.755,14.70,15.7,167,812,110,110,101,99,14,2.64,2.59,63,1.26,0.695,-0,0,32.286552101449594,-81.20502989342353,11.603709178045392
8.055,2,0.755,14.70,15.7,167,825,110,110,101,99,14,2.63,2.59,63,1.26,0.695,-0,0,32.286552101449594,-81.20502989342353,11.603709178045392
8.085,2,0.760,14.70,15.7,167,825,110,110,101,99,14,2.63,2.59,63,1.26,0.695,-0,0,32.286552101449594,-81.20502989342353,11.603709178045392
8.130,2,0.760,14.70,15.7,167,825,110,110,101,99,14,2.63,2.58,63,1.26,0.695,0,0,32.286552101449594,-81.20502989342353,11.603709178045392
8.161,2,0.755,14.70,15.7,167,825,110,110,101,99,14,2.63,2.59,63,1.26,0.690,0,0,32.286552101449594,-81.20502989342353,11.603709178045392
8.161,2,0.760,14.70,15.7,167,812,110,110,101,99,14,2.62,2.58,63,1.26,0.695,-0,0,32.286552101449594,-81.20502989342353,11.603709178045392
8.190,2,0.755,14.70,15.7,167,812,110,110,101,99,15,2.65,2.60,63,1.26,0.695,-0,0,32.286552101449594,-81.20502989342353,11.603709178045392
8.222,2,0.755,14.70,15.7,167,812,110,110,101,99,15,2.63,2.58,63,1.26,0.695,-0,0,32.286552101449594,-81.20502989342353,11.603709178045392
8.266,2,0.755,14.70,15.7,167,812,110,110,101,99,15,2.64,2.59,63,1.26,0.695,-0,0,32.286552101449594,-81.20502989342353,11.603709178045392
8.295,2,0.760,14.70,15.7,167,812,110,110,101,99,15,2.64,2.59,63,1.26,0.695,-0,0,32.286552101449594,-81.20502989342353,11.603709178045392
8.324,2,0.760,14.70,15.7,167,812,110,110,101,99,15,2.65,2.60,63,1.26,0.695,-0,0,32.286552101449594,-81.20502989342353,11.603709178045392
8.355,2,0.755,14.70,15.7,167,812,110,110,101,99,15,2.65,2.61,63,1.26,0.695,-0,0,32.286552101449594,-81.20502989342353,11.603709178045392
8.384,2,0.755,14.70,15.7,167,812,110,110,101,99,15,2.65,2.60,63,1.26,0.695,-0,0,32.286552101449594,-81.20502989342353,11.603709178045392
8.415,2,0.760,14.70,15.7,167,812,110,110,101,99,15,2.65,2.60,63,1.26,0.695,-0,0,32.28655193307723,-81.20503094526877,11.603709178045392
8.432,2,0.755,14.70,15.7,167,812,110,110,101,99,14,2.65,2.60,63,1.26,0.690,-0,0,32.28655193307723,-81.20503094526877,11.603709178045392
8.462,2,0.760,14.70,15.7,167,825,110,110,101,99,14,2.64,2.59,63,1.26,0.695,-0,0,32.28655193307723,-81.20503094526877,11.603709178045392
8.492,2,0.755,14.70,15.7,167,812,110,110,101,99,14,2.64,2.59,63,1.26,0.695,-0,0,32.28655193307723,-81.20503094526877,11.603709178045392
8.523,2,0.760,14.70,15.7,167,812,110,110,101,99,14,2.64,2.59,63,1.26,0.695,-0,0,32.28655193307723,-81.20503094526877,11.603709178045392
8.580,2,0.755,14.70,15.7,167,825,110,110,101,99,14,2.64,2.59,63,1.26,0.695,-0,0,32.28655193307723,-81.20503094526877,11.603709178045392
8.610,2,0.755,14.70,15.7,167,825,110,110,101,99,14,2.63,2.58,63,1.26,0.695,-0,0,32.28655193307723,-81.20503094526877,11.603709178045392
8.639,2,0.755,14.70,15.7,167,825,110,110,101,99,14,2.63,2.58,63,1.26,0.695,-0,0,32.28655193307723,-81.20503094526877,11.603709178045392
8.670,2,0.760,14.70,15.7,167,812,110,110,101,99,14,2.64,2.59,63,1.26,0.695,-0,0,32.28655193307723,-81.20503094526877,11.603709178045392
8.699,2,0.760,14.70,15.7,167,825,110,110,101,99,14,2.64,2.60,63,1.26,0.695,-0,0,32.28655193307723,-81.20503094526877,11.603709178045392
8.730,2,0.755,14.70,15.7,167,812,110,110,101,99,15,2.64,2.60,63,1.26,0.695,-0,0,32.28655193307723,-81.20503094526877,11.603709178045392
8.759,2,0.755,14.70,15.7,167,812,110,110,101,99,15,2.64,2.59,63,1.26,0.690,-0,0,32.28655193307723,-81.20503094526877,11.603709178045392
8.804,2,0.760,14.70,15.7,167,812,110,110,101,99,15,2.65,2.60,63,1.26,0.695,-0,0,32.28655193307723,-81.20503094526877,11.603709178045392
8.836,2,0.755,14.70,15.7,167,812,110,110,101,99,15,2.64,2.59,63,1.26,0.695,-0,0,32.28655193307723,-81.20503094526877,11.603709178045392
8.837,2,0.760,14.70,15.7,167,812,110,110,101,99,15,2.63,2.59,63,1.26,0.695,0,0,32.28655193307723,-81.20503094526877,11.603709178045392
8.865,2,0.760,14.70,15.7,167,812,110,110,101,99,15,2.63,2.59,63,1.26,0.695,-0,0,32.28655193307723,-81.20503094526877,11.603709178045392
8.894,2,0.760,14.70,15.7,167,812,110,110,101,99,15,2.66,2.61,63,1.26,0.690,-0,0,32.28655193307723,-81.20503094526877,11.603709178045392
8.925,2,0.755,14.70,15.7,167,812,110,110,101,99,15,2.63,2.59,63,1.26,0.695,-0,0,32.28655193307723,-81.20503094526877,11.603709178045392
8.954,2,0.760,14.70,15.7,167,812,110,110,101,99,15,2.63,2.58,63,1.26,0.695,-0,0,32.28655193307723,-81.20503094526877,11.603709178045392
8.985,2,0.755,14.70,15.7,167,825,110,110,101,99,14,2.63,2.59,63,1.26,0.695,0,0,32.28655193307723,-81.20503094526877,11.603709178045392
9.014,2,0.760,14.70,15.7,167,825,110,110,101,99,14,2.63,2.59,63,1.26,0.695,-0,0,32.28655193307723,-81.20503094526877,11.603709178045392
9.045,2,0.755,14.70,15.7,167,825,110,110,101,99,14,2.64,2.60,63,1.26,0.690,-0,0,32.28655193307723,-81.20503094526877,11.603709178045392
9.089,2,0.755,14.70,15.7,167,825,110,110,101,99,14,2.62,2.58,63,1.26,0.695,-0,0,32.28655193307723,-81.20503094526877,11.603709178045392
9.137,2,0.760,14.70,15.7,167,825,110,110,101,99,14,2.64,2.59,63,1.26,0.695,0,0,32.2865518161756,-81.2050310186166,11.603709178045392
9.167,2,0.760,14.70,15.7,167,825,110,110,101,99,14,2.63,2.59,63,1.26,0.695,0,0,32.2865518161756,-81.2050310186166,11.603709178045392
9.167,2,0.755,14.70,15.7,167,825,110,110,101,100,14,2.63,2.59,63,1.26,0.695,-0,0,32.2865518161756,-81.2050310186166,11.603709178045392
9.197,2,0.760,14.70,15.7,167,825,110,110,101,99,14,2.62,2.58,63,1.26,0.695,-0,0,32.2865518161756,-81.2050310186166,11.603709178045392
9.227,2,0.760,14.70,15.7,167,812,110,110,101,99,14,2.64,2.60,63,1.26,0.695,-0,0,32.2865518161756,-81.2050310186166,11.603709178045392
9.257,2,0.755,14.70,15.7,167,812,110,110,101,100,14,2.64,2.60,63,1.27,0.695,0,0,32.2865518161756,-81.2050310186166,11.603709178045392
9.287,2,0.760,14.70,15.7,167,825,110,110,101,99,14,2.62,2.59,63,1.26,0.695,0,0,32.2865518161756,-81.2050310186166,11.603709178045392
9.317,2,0.755,14.70,15.7,167,825,110,110,101,99,14,2.62,2.58,63,1.26,0.695,-0,0,32.2865518161756,-81.2050310186166,11.603709178045392
9.347,2,0.755,14.70,15.7,167,825,110,110,101,99,14,2.63,2.59,63,1.26,0.690,-0,0,32.2865518161756,-81.2050310186166,11.603709178045392
9.389,2,0.755,14.70,15.7,167,825,110,110,101,99,14,2.63,2.59,63,1.26,0.695,-0,0,32.2865518161756,-81.2050310186166,11.603709178045392
9.422,2,0.755,14.70,15.7,167,812,110,110,101,99,15,2.63,2.58,63,1.26,0.695,0,0,32.2865518161756,-81.2050310186166,11.603709178045392
9.452,2,0.755,14.70,15.7,167,812,110,110,101,99,15,2.64,2.60,63,1.26,0.695,-0,0,32.2865518161756,-81.2050310186166,11.603709178045392
9.482,2,0.755,14.70,15.7,167,812,110,110,101,99,15,2.66,2.62,63,1.26,0.695,-0,0,32.2865518161756,-81.2050310186166,11.603709178045392
9.512,2,0.755,14.70,15.7,167,812,110,110,101,99,15,2.65,2.61,63,1.26,0.695,-0,0,32.2865518161756,-81.2050310186166,11.603709178045392
9.542,2,0.755,14.70,15.7,167,812,110,110,101,100,15,2.65,2.62,63,1.26,0.695,0,0,32.2865518161756,-81.2050310186166,11.603709178045392
9.572,2,0.760,14.70,15.7,167,812,110,110,101,100,15,2.64,2.61,63,1.26,0.695,0,0,32.2865518161756,-81.2050310186166,11.603709178045392
9.602,2,0.755,14.70,15.7,167,812,110,110,101,99,15,2.64,2.60,63,1.26,0.695,-0,0,32.2865518161756,-81.2050310186166,11.603709178045392
9.632,2,0.755,14.70,15.7,167,812,110,110,101,99,15,2.65,2.61,63,1.26,0.695,-0,0,32.2865518161756,-81.2050310186166,11.603709178045392
9.662,2,0.755,14.70,15.7,167,812,110,110,101,99,15,2.65,2.61,63,1.26,0.690,-0,0,32.2865518161756,-81.2050310186166,11.603709178045392
9.692,2,0.755,14.70,15.7,167,812,110,110,102,100,15,2.65,2.60,63,1.26,0.695,-0,0,32.2865518161756,-81.2050310186166,11.603709178045392
9.723,2,0.755,14.70,15.7,167,812,110,110,102,100,15,2.65,2.60,63,1.26,0.695,-0,0,32.2865518161756,-81.2050310186166,11.603709178045392
9.752,2,0.755,14.70,15.7,167,812,110,110,101,99,15,2.64,2.60,63,1.26,0.695,-0,0,32.2865518161756,-81.2050310186166,11.603709178045392
9.781,2,0.755,14.70,15.7,167,812,110,110,101,99,15,2.65,2.61,63,1.26,0.695,-0,0,32.2865518161756,-81.2050310186166,11.603709178045392
9.812,2,0.755,14.70,15.7,167,812,110,110,102,99,15,2.67,2.62,63,1.26,0.695,-0,0,32.2865518161756,-81.2050310186166,11.603709178045392
9.842,2,0.760,14.70,15.7,167,812,110,110,101,100,15,2.67,2.63,63,1.27,0.695,-0,0,32.2865518161756,-81.2050310186166,11.603709178045392
9.872,2,0.755,14.70,15.7,167,812,110,110,101,100,15,2.65,2.61,63,1.26,0.695,-0,0,32.2865518161756,-81.2050310186166,11.603709178045392
9.902,2,0.755,14.70,15.7,167,812,110,110,101,99,15,2.66,2.62,63,1.27,0.695,-0,0,32.2865518161756,-81.2050310186166,11.603709178045392
9.932,2,0.760,14.70,15.7,167,812,110,110,101,99,15,2.67,2.62,63,1.26,0.695,-0,0,32.2865518161756,-81.2050310186166,11.603709178045392
9.962,2,0.755,14.70,15.7,167,812,110,110,101,100,15,2.67,2.62,63,1.26,0.690,-0,0,32.2865518161756,-81.2050310186166,11.603709178045392
9.992,2,0.755,14.70,15.7,167,812,110,110,102,99,14,2.66,2.61,63,1.26,0.695,0,0,32.2865518161756,-81.2050310186166,11.603709178045392
10.022,2,0.755,14.70,15.7,167,812,110,110,101,99,14,2.64,2.60,63,1.26,0.695,-0,0,32.2865518161756,-81.2050310186166,11.603709178045392
10.053,2,0.755,14.70,15.7,167,812,110,110,101,99,14,2.65,2.61,63,1.26,0.695,-0,0,32.2865518161756,-81.2050310186166,11.603709178045392
10.082,2,0.755,14.70,15.7,167,812,110,110,101,99,15,2.66,2.62,63,1.26,0.690,-0,0,32.2865518161756,-81.2050310186166,11.603709178045392
10.110,2,0.760,14.70,15.7,167,812,110,110,101,99,15,2.65,2.60,63,1.26,0.695,-0,0,32.286550828699994,-81.20503099947392,11.651955523528159
10.139,2,0.755,14.70,15.7,167,812,110,110,101,99,15,2.65,2.61,63,1.26,0.695,-0,0,32.286550828699994,-81.20503099947392,11.651955523528159
10.170,2,0.760,14.70,15.7,167,812,110,110,101,99,14,2.67,2.62,63,1.26,0.700,-0,0,32.286550828699994,-81.20503099947392,11.651955523528159
10.215,2,0.755,14.70,15.7,167,825,110,110,101,99,14,2.66,2.61,63,1.26,0.695,-0,0,32.286550828699994,-81.20503099947392,11.651955523528159
10.245,2,0.760,14.70,15.7,167,812,110,110,101,99,14,2.64,2.60,63,1.26,0.695,-0,0,32.286550828699994,-81.20503099947392,11.651955523528159
10.275,2,0.755,14.70,15.7,167,812,110,110,101,99,14,2.66,2.62,63,1.26,0.690,-0,0,32.286550828699994,-81.20503099947392,11.651955523528159
10.319,2,0.760,14.70,15.7,167,825,110,110,101,99,14,2.65,2.61,63,1.26,0.695,-0,0,32.286550828699994,-81.20503099947392,11.651955523528159
10.350,2,0.755,14.70,15.7,167,825,110,110,101,99,14,2.64,2.61,63,1.26,0.695,-0,0,32.286550828699994,-81.20503099947392,11.651955523528159
10.380,2,0.755,14.70,15.7,167,825,110,110,101,99,14,2.64,2.59,63,1.26,0.695,-0,0,32.286550828699994,-81.20503099947392,11.651955523528159
10.410,2,0.755,14.70,15.7,167,825,110,110,101,99,14,2.64,2.60,63,1.26,0.695,-0,0,32.286550828699994,-81.20503099947392,11.651955523528159
10.439,2,0.760,14.70,15.7,167,825,110,110,101,99,14,2.64,2.60,63,1.26,0.695,-0,0,32.286550828699994,-81.20503099947392,11.651955523528159
10.470,2,0.755,14.70,15.7,167,825,110,110,101,99,14,2.62,2.59,63,1.26,0.695,-0,0,32.286550828699994,-81.20503099947392,11.651955523528159
10.499,2,0.760,14.70,15.7,167,825,110,110,101,99,14,2.62,2.58,63,1.26,0.695,-0,0,32.286550828699994,-81.20503099947392,11.651955523528159
10.530,2,0.755,14.70,15.7,167,825,110,110,101,99,14,2.64,2.60,63,1.26,0.695,-0,0,32.286550828699994,-81.20503099947392,11.651955523528159
10.559,2,0.755,14.70,15.7,167,825,110,110,101,99,14,2.62,2.58,63,1.26,0.695,-0,0,32.286550828699994,-81.20503099947392,11.651955523528159
10.592,2,0.755,14.70,15.7,167,825,110,110,101,99,14,2.62,2.58,63,1.26,0.695,0,0,32.286550828699994,-81.20503099947392,11.651955523528159
10.620,2,0.760,14.70,15.7,167,812,110,110,101,99,14,2.61,2.57,63,1.26,0.695,-0,0,32.286550828699994,-81.20503099947392,11.651955523528159
10.649,2,0.755,14.70,15.7,167,812,110,110,101,99,15,2.63,2.59,63,1.26,0.695,-0,0,32.286550828699994,-81.20503099947392,11.651955523528159
10.680,2,0.755,14.70,15.7,167,812,110,110,101,99,15,2.63,2.59,63,1.26,0.695,-0,0,32.286550828699994,-81.20503099947392,11.651955523528159
10.709,2,0.755,14.70,15.7,167,812,110,110,101,99,15,2.62,2.58,63,1.26,0.695,0,0,32.286550828699994,-81.20503099947392,11.651955523528159
10.740,2,0.760,14.70,15.7,167,812,110,110,101,99,15,2.64,2.60,63,1.26,0.695,0,0,32.286550828699994,-81.20503099947392,11.651955523528159
10.769,2,0.755,14.70,15.7,167,812,110,110,101,99,15,2.63,2.58,63,1.26,0.695,-0,0,32.286550828699994,-81.20503099947392,11.651955523528159
10.800,2,0.755,14.70,15.7,167,812,110,110,101,99,14,2.63,2.59,63,1.26,0.695,-0,0,32.286550828699994,-81.20503099947392,11.651955523528159
10.829,2,0.755,14.70,15.7,167,812,110,110,101,99,15,2.63,2.59,63,1.26,0.695,-0,0,32.286550828699994,-81.20503099947392,11.651955523528159
10.860,2,0.760,14.70,15.7,167,812,110,110,101,99,15,2.64,2.60,63,1.26,0.695,0,0,32.286550828699994,-81.20503099947392,11.651955523528159
10.889,2,0.755,14.70,15.7,167,812,110,110,101,99,15,2.65,2.60,63,1.26,0.690,0,0,32.286550828699994,-81.20503099947392,11.651955523528159
10.920,2,0.755,14.70,15.7,167,812,110,110,101,99,15,2.63,2.59,63,1.26,0.695,-0,0,32.286550828699994,-81.20503099947392,11.651955523528159
10.949,2,0.755,14.70,15.7,167,812,110,110,101,99,15,2.64,2.59,63,1.26,0.695,-0,0,32.286550828699994,-81.20503099947392,11.651955523528159
10.980,2,0.760,14.70,15.7,167,812,110,110,101,99,15,2.65,2.60,63,1.26,0.695,-0,0,32.286550828699994,-81.20503099947392,11.651955523528159
11.009,2,0.755,14.70,15.7,167,812,110,110,101,99,15,2.66,2.61,63,1.26,0.695,0,0,32.286550828699994,-81.20503099947392,11.651955523528159
11.040,2,0.760,14.70,15.7,167,812,110,110,101,99,15,2.64,2.60,63,1.26,0.695,0,0,32.286550828699994,-81.20503099947392,11.651955523528159
11.069,2,0.760,14.70,15.7,167,812,110,110,101,99,15,2.64,2.59,63,1.27,0.695,-0,0,32.286550828699994,-81.20503099947392,11.651955523528159
11.100,2,0.760,14.70,15.7,167,812,110,110,101,99,14,2.65,2.60,63,1.26,0.695,-0,0,32.28655082869789,-81.20503099947386,11.651955523528159
11.144,2,0.755,14.70,15.7,167,812,110,110,101,99,15,2.65,2.60,63,1.26,0.695,-0,0,32.28655082869789,-81.20503099947386,11.651955523528159
11.176,2,0.760,14.70,15.7,167,812,110,110,101,99,15,2.63,2.59,63,1.26,0.695,-0,0,32.28655082869789,-81.20503099947386,11.651955523528159
11.204,2,0.755,14.70,15.7,167,812,110,110,101,99,15,2.65,2.60,63,1.26,0.690,-0,0,32.28655082869789,-81.20503099947386,11.651955523528159
11.235,2,0.760,14.70,15.7,167,812,110,110,101,99,15,2.64,2.60,63,1.26,0.695,-0,0,32.28655082869789,-81.20503099947386,11.651955523528159
11.265,2,0.755,14.70,15.7,167,812,110,110,101,99,15,2.64,2.60,63,1.26,0.695,-0,0,32.28655082869789,-81.20503099947386,11.651955523528159
11.294,2,0.755,14.70,15.7,167,812,110,110,101,99,15,2.64,2.59,63,1.26,0.695,0,0,32.28655082869789,-81.20503099947386,11.651955523528159
11.325,2,0.755,14.70,15.7,167,825,110,110,101,99,14,2.64,2.59,63,1.26,0.695,0,0,32.28655082869789,-81.20503099947386,11.651955523528159
11.354,2,0.760,14.70,15.7,167,825,110,110,101,99,14,2.64,2.60,63,1.26,0.695,-0,0,32.28655082869789,-81.20503099947386,11.651955523528159
11.385,2,0.755,14.70,15.7,167,825,110,110,101,99,14,2.64,2.59,63,1.26,0.695,-0,0,32.28655082869789,-81.20503099947386,11.651955523528159
11.414,2,0.760,14.70,15.7,167,825,110,110,101,99,14,2.64,2.59,63,1.26,0.695,-0,0,32.28655082869789,-81.20503099947386,11.651955523528159
11.445,2,0.760,14.70,15.7,167,825,110,110,101,99,14,2.64,2.59,63,1.26,0.695,0,0,32.28655082869789,-81.20503099947386,11.651955523528159
11.474,2,0.760,14.70,15.7,167,825,110,110,101,99,14,2.63,2.59,63,1.26,0.695,0,0,32.28655082869789,-81.20503099947386,11.651955523528159
11.505,2,0.755,14.70,15.7,167,825,110,110,101,99,14,2.63,2.59,63,1.26,0.690,-0,0,32.28655082869789,-81.20503099947386,11.651955523528159
11.534,2,0.760,14.70,15.7,167,825,110,110,101,99,14,2.62,2.57,63,1.26,0.695,-0,0,32.28655082869789,-81.20503099947386,11.651955523528159
11.567,2,0.760,14.70,15.7,167,825,110,110,101,99,14,2.62,2.57,63,1.26,0.695,-0,0,32.28655082869789,-81.20503099947386,11.651955523528159
11.610,2,0.755,14.70,15.7,167,825,110,110,101,99,14,2.62,2.58,63,1.26,0.695,0,0,32.28655082869789,-81.20503099947386,11.651955523528159
11.640,2,0.755,14.70,15.7,167,812,110,110,101,99,14,2.63,2.58,63,1.26,0.695,-0,0,32.28655082869789,-81.20503099947386,11.651955523528159
11.670,2,0.755,14.70,15.7,167,812,110,110,101,99,15,2.63,2.58,63,1.26,0.695,-0,0,32.28655082869789,-81.20503099947386,11.651955523528159
11.700,2,0.755,14.70,15.7,167,812,110,110,101,99,15,2.64,2.59,63,1.26,0.695,-0,0,32.28655082869789,-81.20503099947386,11.651955523528159
11.744,2,0.755,14.70,15.7,167,812,110,110,101,99,15,2.64,2.59,63,1.26,0.695,-0,0,32.28655082869789,-81.20503099947386,11.651955523528159
11.777,2,0.755,14.70,15.7,167,812,110,110,101,99,15,2.64,2.59,63,1.26,0.695,0,0,32.28655082869789,-81.20503099947386,11.651955523528159
11.807,2,0.760,14.70,15.7,167,812,110,110,101,99,14,2.64,2.60,63,1.26,0.695,-0,0,32.28655082869789,-81.20503099947386,11.651955523528159
11.837,2,0.755,14.70,15.7,167,812,110,110,101,99,14,2.64,2.60,63,1.26,0.695,-0,0,32.28655082869789,-81.20503099947386,11.651955523528159
11.867,2,0.755,14.70,15.7,167,812,110,110,101,99,14,2.63,2.59,63,1.26,0.695,-0,0,32.28655082869789,-81.20503099947386,11.651955523528159
11.898,2,0.755,14.70,15.7,167,812,110,110,101,99,14,2.63,2.59,63,1.26,0.695,-0,0,32.28655082869789,-81.20503099947386,11.651955523528159
11.927,2,0.760,14.70,15.7,167,812,110,110,101,99,15,2.65,2.60,63,1.26,0.695,-0,0,32.28655082869789,-81.20503099947386,11.651955523528159
11.957,2,0.755,14.70,15.7,167,825,110,110,101,99,14,2.64,2.59,63,1.26,0.695,-0,0,32.28655082869789,-81.20503099947386,11.651955523528159
12.014,2,0.755,14.70,15.7,167,825,110,110,101,99,14,2.63,2.58,63,1.26,0.695,-0,0,32.28655082869789,-81.20503099947386,11.651955523528159
12.046,2,0.760,14.70,15.7,167,825,110,110,101,99,14,2.62,2.58,63,1.26,0.695,-0,0,32.28655082869789,-81.20503099947386,11.651955523528159
12.046,2,0.755,14.70,15.7,167,825,110,110,102,99,14,2.64,2.59,63,1.26,0.695,0,0,32.28655082869789,-81.20503099947386,11.651955523528159
12.077,2,0.755,14.70,15.7,167,825,110,110,102,99,14,2.63,2.58,63,1.26,0.695,0,0,32.28655082869789,-81.20503099947386,11.651955523528159
12.105,2,0.755,14.70,15.7,167,825,110,110,101,99,14,2.63,2.57,63,1.26,0.695,-0,0,32.286550048183166,-81.20503098434322,11.651955523528159
12.134,2,0.755,14.70,15.7,167,812,110,110,102,99,14,2.64,2.59,63,1.26,0.690,-0,0,32.286550048183166,-81.20503098434322,11.651955523528159
12.165,2,0.760,14.70,15.7,167,812,110,110,101,99,15,2.64,2.59,63,1.26,0.695,-0,0,32.286550048183166,-81.20503098434322,11.651955523528159
12.195,2,0.755,14.70,15.7,167,812,110,110,102,99,15,2.65,2.60,63,1.26,0.695,0,0,32.286550048183166,-81.20503098434322,11.651955523528159
12.224,2,0.755,14.70,15.7,167,812,110,110,101,99,15,2.65,2.60,63,1.26,0.695,-0,0,32.286550048183166,-81.20503098434322,11.651955523528159
12.270,2,0.755,14.70,15.7,167,812,110,110,101,99,15,2.64,2.60,63,1.26,0.695,-0,0,32.286550048183166,-81.20503098434322,11.651955523528159
12.316,2,0.760,14.70,15.7,167,812,110,110,101,99,15,2.65,2.60,63,1.26,0.695,-0,0,32.286550048183166,-81.20503098434322,11.651955523528159
12.316,2,0.755,14.70,15.7,167,812,110,110,101,99,15,2.64,2.59,63,1.26,0.695,-0,0,32.286550048183166,-81.20503098434322,11.651955523528159
12.344,2,0.755,14.70,15.7,167,812,110,110,101,99,15,2.65,2.61,63,1.26,0.695,-0,0,32.286550048183166,-81.20503098434322,11.651955523528159
12.377,2,0.755,14.70,15.7,167,812,110,110,101,99,15,2.65,2.60,63,1.26,0.695,-0,0,32.286550048183166,-81.20503098434322,11.651955523528159
12.407,2,0.760,14.70,15.7,167,812,110,110,101,99,15,2.64,2.60,63,1.26,0.695,-0,0,32.286550048183166,-81.20503098434322,11.651955523528159
12.437,2,0.755,14.70,15.7,167,812,110,110,101,99,15,2.65,2.60,63,1.26,0.690,-0,0,32.286550048183166,-81.20503098434322,11.651955523528159
12.467,2,0.755,14.70,15.7,167,812,110,110,101,99,15,2.63,2.59,63,1.26,0.695,0,0,32.286550048183166,-81.20503098434322,11.651955523528159
12.497,2,0.760,14.70,15.7,167,812,110,110,101,99,15,2.65,2.60,63,1.26,0.695,0,0,32.286550048183166,-81.20503098434322,11.651955523528159
12.527,2,0.760,14.70,15.7,167,812,110,110,101,99,15,2.66,2.61,63,1.26,0.695,-0,0,32.286550048183166,-81.20503098434322,11.651955523528159
12.557,2,0.755,14.70,15.7,167,812,110,110,101,99,15,2.65,2.61,63,1.26,0.695,-0,0,32.286550048183166,-81.20503098434322,11.651955523528159
12.587,2,0.760,14.70,15.7,167,812,110,110,101,99,15,2.65,2.60,63,1.26,0.695,-0,0,32.286550048183166,-81.20503098434322,11.651955523528159
12.617,2,0.760,14.70,15.7,167,812,110,110,101,99,15,2.66,2.61,63,1.26,0.695,0,0,32.286550048183166,-81.20503098434322,11.651955523528159
12.659,2,0.760,14.70,15.7,167,812,110,110,101,99,15,2.65,2.61,63,1.26,0.695,0,0,32.286550048183166,-81.20503098434322,11.651955523528159
12.690,2,0.755,14.70,15.7,167,812,110,110,101,99,15,2.65,2.61,63,1.27,0.695,-0,0,32.286550048183166,-81.20503098434322,11.651955523528159
12.719,2,0.760,14.70,15.7,167,812,110,110,101,99,15,2.66,2.61,63,1.26,0.695,-0,0,32.286550048183166,-81.20503098434322,11.651955523528159
12.750,2,0.755,14.70,15.7,167,812,110,110,101,99,15,2.68,2.63,63,1.26,0.690,-0,0,32.286550048183166,-81.20503098434322,11.651955523528159
12.780,2,0.755,14.70,15.7,167,812,110,110,102,99,15,2.69,2.63,63,1.26,0.695,0,0,32.286550048183166,-81.20503098434322,11.651955523528159
12.809,2,0.755,14.70,15.7,167,812,110,110,101,99,15,2.67,2.62,63,1.27,0.695,0,0,32.286550048183166,-81.20503098434322,11.651955523528159
12.870,2,0.760,14.70,15.7,167,812,110,110,101,99,15,2.65,2.60,63,1.27,0.695,-0,0,32.286550048183166,-81.20503098434322,11.651955523528159
12.900,2,0.755,14.70,15.7,167,812,110,110,102,99,15,2.67,2.62,63,1.26,0.695,-0,0,32.286550048183166,-81.20503098434322,11.651955523528159
12.901,2,0.755,14.70,15.7,167,812,110,110,102,99,15,2.68,2.63,63,1.26,0.695,-0,0,32.286550048183166,-81.20503098434322,11.651955523528159
12.929,2,0.755,14.70,15.7,167,812,110,110,102,99,15,2.66,2.61,63,1.27,0.695,-0,0,32.286550048183166,-81.20503098434322,11.651955523528159
12.976,2,0.760,14.70,15.7,167,812,110,110,101,99,15,2.66,2.61,63,1.26,0.695,-0,0,32.286550048183166,-81.20503098434322,11.651955523528159
13.019,2,0.755,14.70,15.7,167,812,110,110,101,99,15,2.67,2.61,63,1.26,0.695,-0,0,32.286550048183166,-81.20503098434322,11.651955523528159
13.050,2,0.755,14.70,15.7,167,812,110,110,101,99,14,2.66,2.61,63,1.26,0.695,-0,0,32.286550048183166,-81.20503098434322,11.651955523528159
13.051,2,0.755,14.70,15.7,167,812,110,110,101,99,14,2.66,2.60,63,1.26,0.690,-0,0,32.286550048183166,-81.20503098434322,11.651955523528159
13.079,2,0.755,14.70,15.7,167,812,110,110,102,99,14,2.65,2.59,63,1.26,0.695,0,0,32.286550048183166,-81.20503098434322,11.651955523528159
13.110,2,0.755,14.70,15.7,167,825,110,110,101,99,14,2.65,2.59,63,1.26,0.695,-0,0,32.28654967654964,-81.20503075617097,11.588720181956887
13.139,2,0.755,14.70,15.7,167,812,110,110,101,99,14,2.65,2.59,63,1.26,0.695,-0,0,32.28654967654964,-81.20503075617097,11.588720181956887
13.170,2,0.755,14.70,15.7,167,812,110,110,101,99,15,2.65,2.59,63,1.26,0.695,-0,0,32.28654967654964,-81.20503075617097,11.588720181956887
13.201,2,0.760,14.70,15.7,167,825,110,110,101,99,14,2.65,2.59,63,1.26,0.695,0,0,32.28654967654964,-81.20503075617097,11.588720181956887
13.229,2,0.755,14.70,15.7,167,825,110,110,101,99,14,2.63,2.58,63,1.26,0.695,0,0,32.28654967654964,-81.20503075617097,11.588720181956887
13.262,2,0.755,14.70,15.7,167,825,110,110,101,99,14,2.63,2.57,63,1.26,0.695,-0,0,32.28654967654964,-81.20503075617097,11.588720181956887
13.292,2,0.755,14.70,15.7,167,825,110,110,101,98,14,2.63,2.56,63,1.26,0.695,-0,0,32.28654967654964,-81.20503075617097,11.588720181956887
13.349,2,0.760,14.70,15.7,167,825,110,110,101,98,14,2.64,2.58,63,1.26,0.695,-0,0,32.28654967654964,-81.20503075617097,11.588720181956887
13.380,2,0.755,14.70,15.7,167,825,110,110,101,99,14,2.64,2.58,63,1.26,0.690,-0,0,32.28654967654964,-81.20503075617097,11.588720181956887
13.380,2,0.760,14.70,15.7,167,812,110,110,101,99,14,2.63,2.58,63,1.27,0.695,-0,0,32.28654967654964,-81.20503075617097,11.588720181956887
13.410,2,0.755,14.70,15.7,167,812,110,110,101,99,14,2.64,2.58,63,1.26,0.695,-0,0,32.28654967654964,-81.20503075617097,11.588720181956887
13.427,2,0.760,14.70,15.7,167,812,110,110,101,99,15,2.64,2.59,63,1.26,0.695,-0,0,32.28654967654964,-81.20503075617097,11.588720181956887
13.471,2,0.755,14.70,15.7,167,825,110,110,101,99,14,2.64,2.59,63,1.26,0.695,-0,0,32.28654967654964,-81.20503075617097,11.588720181956887
13.499,2,0.755,14.70,15.7,167,825,110,110,101,99,14,2.64,2.58,63,1.26,0.695,-0,0,32.28654967654964,-81.20503075617097,11.588720181956887
13.530,2,0.760,14.70,15.7,167,825,110,110,101,99,14,2.62,2.58,63,1.26,0.695,-0,0,32.28654967654964,-81.20503075617097,11.588720181956887
13.563,2,0.760,14.70,15.7,167,825,110,110,101,99,14,2.64,2.59,63,1.26,0.695,-0,0,32.28654967654964,-81.20503075617097,11.588720181956887
13.593,2,0.755,14.70,15.7,167,825,110,110,101,99,14,2.63,2.58,63,1.26,0.695,-0,0,32.28654967654964,-81.20503075617097,11.588720181956887
13.650,2,0.760,14.70,15.7,167,825,110,110,101,99,14,2.63,2.58,63,1.26,0.695,0,0,32.28654967654964,-81.20503075617097,11.588720181956887
13.680,2,0.755,14.70,15.7,167,825,110,110,101,99,14,2.64,2.60,63,1.26,0.695,0,0,32.28654967654964,-81.20503075617097,11.588720181956887
13.709,2,0.755,14.70,15.7,167,825,110,110,101,99,14,2.63,2.59,63,1.26,0.695,-0,0,32.28654967654964,-81.20503075617097,11.588720181956887
13.741,2,0.760,14.70,15.7,167,825,110,110,101,99,14,2.63,2.58,63,1.26,0.695,-0,0,32.28654967654964,-81.20503075617097,11.588720181956887
13.770,2,0.760,14.70,15.7,167,825,110,110,101,99,14,2.62,2.58,63,1.26,0.695,-0,0,32.28654967654964,-81.20503075617097,11.588720181956887
13.799,2,0.760,14.70,15.7,167,825,110,110,101,99,14,2.64,2.59,63,1.26,0.695,0,0,32.28654967654964,-81.20503075617097,11.588720181956887
13.830,2,0.755,14.70,15.7,167,825,110,110,101,99,14,2.64,2.59,63,1.26,0.695,0,0,32.28654967654964,-81.20503075617097,11.588720181956887
13.860,2,0.755,14.70,15.7,167,825,110,110,101,99,14,2.64,2.59,63,1.26,0.695,-0,0,32.28654967654964,-81.20503075617097,11.588720181956887
13.904,2,0.760,14.70,15.7,167,825,110,110,101,99,14,2.63,2.58,63,1.26,0.695,-0,0,32.28654967654964,-81.20503075617097,11.588720181956887
